# Single SKU Max Power Table
#    |        |# |   OFDM 6 ~ 54      |  |                  HT20 MCS 0 ~ 15           |  |                 HT40 MCS 0 ~ 15            |
ch1 21 21 21 21 17 17 17 17 17 17 17 17 16 16 16 16 16 16 16 16 14 14 14 14 14 14 14 14 13 13 13 13 13 13 13 13 14 14 14 14 14 14 14 14
ch2 21 21 21 21 17 17 17 17 17 17 17 17 16 16 16 16 16 16 16 16 14 14 14 14 14 14 14 14 13 13 13 13 13 13 13 13 14 14 14 14 14 14 14 14
ch3 21 21 21 21 17 17 17 17 17 17 17 17 16 16 16 16 16 16 16 16 14 14 14 14 14 14 14 14 13 13 13 13 13 13 13 13 14 14 14 14 14 14 14 14
ch4 22 22 22 22 22 22 22 22 22 22 22 22 21 21 21 21 21 21 21 21 14 14 14 14 14 14 14 14 18 18 18 18 18 18 18 18 14 14 14 14 14 14 14 14
ch5 22 22 22 22 22 22 22 22 22 22 22 22 21 21 21 21 21 21 21 21 14 14 14 14 14 14 14 14 18 18 18 18 18 18 18 18 14 14 14 14 14 14 14 14
ch6 22 22 22 22 22 22 22 22 22 22 22 22 21 21 21 21 21 21 21 21 14 14 14 14 14 14 14 14 18 18 18 18 18 18 18 18 14 14 14 14 14 14 14 14
ch7 22 22 22 22 22 22 22 22 22 22 22 22 21 21 21 21 21 21 21 21 14 14 14 14 14 14 14 14 18 18 18 18 18 18 18 18 14 14 14 14 14 14 14 14
ch8 22 22 22 22 22 22 22 22 22 22 22 22 21 21 21 21 21 21 21 21 14 14 14 14 14 14 14 14 18 18 18 18 18 18 18 18 14 14 14 14 14 14 14 14
ch9 22 22 22 22 17 17 17 17 17 17 17 17 16 16 16 16 16 16 16 16 14 14 14 14 14 14 14 14 13 13 13 13 13 13 13 13 14 14 14 14 14 14 14 14
ch10 22 22 22 22 17 17 17 17 17 17 17 17 16 16 16 16 16 16 16 16 14 14 14 14 14 14 14 14 13 13 13 13 13 13 13 13 14 14 14 14 14 14 14 14
ch11 22 22 22 22 17 17 17 17 17 17 17 17 16 16 16 16 16 16 16 16 14 14 14 14 14 14 14 14 13 13 13 13 13 13 13 13 14 14 14 14 14 14 14 14
ch12 22 22 22 22 17 17 17 17 17 17 17 17 16 16 16 16 16 16 16 16 14 14 14 14 14 14 14 14 13 13 13 13 13 13 13 13 14 14 14 14 14 14 14 14
ch13 22 22 22 22 17 17 17 17 17 17 17 17 16 16 16 16 16 16 16 16 14 14 14 14 14 14 14 14 13 13 13 13 13 13 13 13 14 14 14 14 14 14 14 14

#   OFDM 6 ~ 54            | |                  HT20 MCS 0 ~ 15            | |                 HT40 MCS 0 ~ 15             | |     VHT80 MCS 0 ~ 9       |
ch36 10 10 10 10 10 10 10 10 10 10 10 10 10 10 10 10 10 10 10 10 10 10 10 10 10 10 10 10 10 10 10 10 10 10 10 10 10 10 10 10 10 10 10 10 10 10 10 10 10 10
ch38 10 10 10 10 10 10 10 10 10 10 10 10 10 10 10 10 10 10 10 10 10 10 10 10 10 10 10 10 10 10 10 10 10 10 10 10 10 10 10 10 10 10 10 10 10 10 10 10 10 10
ch40 10 10 10 10 10 10 10 10 10 10 10 10 10 10 10 10 10 10 10 10 10 10 10 10 10 10 10 10 10 10 10 10 10 10 10 10 10 10 10 10 10 10 10 10 10 10 10 10 10 10
ch42 10 10 10 10 10 10 10 10 10 10 10 10 10 10 10 10 10 10 10 10 10 10 10 10 10 10 10 10 10 10 10 10 10 10 10 10 10 10 10 10 10 10 10 10 10 10 10 10 10 10
ch44 10 10 10 10 10 10 10 10 10 10 10 10 10 10 10 10 10 10 10 10 10 10 10 10 10 10 10 10 10 10 10 10 10 10 10 10 10 10 10 10 10 10 10 10 10 10 10 10 10 10
ch46 10 10 10 10 10 10 10 10 10 10 10 10 10 10 10 10 10 10 10 10 10 10 10 10 10 10 10 10 10 10 10 10 10 10 10 10 10 10 10 10 10 10 10 10 10 10 10 10 10 10
ch48 10 10 10 10 10 10 10 10 10 10 10 10 10 10 10 10 10 10 10 10 10 10 10 10 10 10 10 10 10 10 10 10 10 10 10 10 10 10 10 10 10 10 10 10 10 10 10 10 10 10
ch52 10 10 10 10 10 10 10 10 10 10 10 10 10 10 10 10 10 10 10 10 10 10 10 10 10 10 10 10 10 10 10 10 10 10 10 10 10 10 10 10 10 10 10 10 10 10 10 10 10 10
ch54 10 10 10 10 10 10 10 10 10 10 10 10 10 10 10 10 10 10 10 10 10 10 10 10 10 10 10 10 10 10 10 10 10 10 10 10 10 10 10 10 10 10 10 10 10 10 10 10 10 10
ch56 10 10 10 10 10 10 10 10 10 10 10 10 10 10 10 10 10 10 10 10 10 10 10 10 10 10 10 10 10 10 10 10 10 10 10 10 10 10 10 10 10 10 10 10 10 10 10 10 10 10
ch58 10 10 10 10 10 10 10 10 10 10 10 10 10 10 10 10 10 10 10 10 10 10 10 10 10 10 10 10 10 10 10 10 10 10 10 10 10 10 10 10 10 10 10 10 10 10 10 10 10 10
ch60 10 10 10 10 10 10 10 10 10 10 10 10 10 10 10 10 10 10 10 10 10 10 10 10 10 10 10 10 10 10 10 10 10 10 10 10 10 10 10 10 10 10 10 10 10 10 10 10 10 10
ch62 10 10 10 10 10 10 10 10 10 10 10 10 10 10 10 10 10 10 10 10 10 10 10 10 10 10 10 10 10 10 10 10 10 10 10 10 10 10 10 10 10 10 10 10 10 10 10 10 10 10
ch64 10 10 10 10 10 10 10 10 10 10 10 10 10 10 10 10 10 10 10 10 10 10 10 10 10 10 10 10 10 10 10 10 10 10 10 10 10 10 10 10 10 10 10 10 10 10 10 10 10 10
ch100 19 19 19 19 18 18 17 17 19 19 19 19 18 18 17 16 19 19 19 19 18 18 17 16 19 19 19 19 18 18 17 16 19 19 19 19 18 18 17 16 19 19 19 19 18 18 17 16 15 14
ch102 19 19 19 19 18 18 17 17 19 19 19 19 18 18 17 16 19 19 19 19 18 18 17 16 19 19 19 19 18 18 17 16 19 19 19 19 18 18 17 16 19 19 19 19 18 18 17 16 15 14
ch104 19 19 19 19 18 18 17 17 19 19 19 19 18 18 17 16 19 19 19 19 18 18 17 16 19 19 19 19 18 18 17 16 19 19 19 19 18 18 17 16 19 19 19 19 18 18 17 16 15 14
ch106 19 19 19 19 18 18 17 17 19 19 19 19 18 18 17 16 19 19 19 19 18 18 17 16 19 19 19 19 18 18 17 16 19 19 19 19 18 18 17 16 19 19 19 19 18 18 17 16 15 14
ch108 19 19 19 19 18 18 17 17 19 19 19 19 18 18 17 16 19 19 19 19 18 18 17 16 19 19 19 19 18 18 17 16 19 19 19 19 18 18 17 16 19 19 19 19 18 18 17 16 15 14
ch110 19 19 19 19 18 18 17 17 19 19 19 19 18 18 17 16 19 19 19 19 18 18 17 16 19 19 19 19 18 18 17 16 19 19 19 19 18 18 17 16 19 19 19 19 18 18 17 16 15 14
ch112 19 19 19 19 18 18 17 17 19 19 19 19 18 18 17 16 19 19 19 19 18 18 17 16 19 19 19 19 18 18 17 16 19 19 19 19 18 18 17 16 19 19 19 19 18 18 17 16 15 14
ch116 19 19 19 19 18 18 17 17 19 19 19 19 18 18 17 16 19 19 19 19 18 18 17 16 19 19 19 19 18 18 17 16 19 19 19 19 18 18 17 16 19 19 19 19 18 18 17 16 15 14
ch118 19 19 19 19 18 18 17 17 19 19 19 19 18 18 17 16 19 19 19 19 18 18 17 16 19 19 19 19 18 18 17 16 19 19 19 19 18 18 17 16 19 19 19 19 18 18 17 16 15 14
ch120 19 19 19 19 18 18 17 17 19 19 19 19 18 18 17 16 19 19 19 19 18 18 17 16 19 19 19 19 18 18 17 16 19 19 19 19 18 18 17 16 19 19 19 19 18 18 17 16 15 14
ch122 19 19 19 19 18 18 17 17 19 19 19 19 18 18 17 16 19 19 19 19 18 18 17 16 19 19 19 19 18 18 17 16 19 19 19 19 18 18 17 16 19 19 19 19 18 18 17 16 15 14
ch124 19 19 19 19 18 18 17 17 19 19 19 19 18 18 17 16 19 19 19 19 18 18 17 16 19 19 19 19 18 18 17 16 19 19 19 19 18 18 17 16 19 19 19 19 18 18 17 16 15 14
ch126 19 19 19 19 18 18 17 17 19 19 19 19 18 18 17 16 19 19 19 19 18 18 17 16 19 19 19 19 18 18 17 16 19 19 19 19 18 18 17 16 19 19 19 19 18 18 17 16 15 14
ch120 19 19 19 19 18 18 17 17 19 19 19 19 18 18 17 16 19 19 19 19 18 18 17 16 19 19 19 19 18 18 17 16 19 19 19 19 18 18 17 16 19 19 19 19 18 18 17 16 15 14
ch132 19 19 19 19 18 18 17 17 19 19 19 19 18 18 17 16 19 19 19 19 18 18 17 16 19 19 19 19 18 18 17 16 19 19 19 19 18 18 17 16 19 19 19 19 18 18 17 16 15 14
ch134 19 19 19 19 18 18 17 17 19 19 19 19 18 18 17 16 19 19 19 19 18 18 17 16 19 19 19 19 18 18 17 16 19 19 19 19 18 18 17 16 19 19 19 19 18 18 17 16 15 14
ch136 19 19 19 19 18 18 17 17 19 19 19 19 18 18 17 16 19 19 19 19 18 18 17 16 19 19 19 19 18 18 17 16 19 19 19 19 18 18 17 16 19 19 19 19 18 18 17 16 15 14
ch140 19 19 19 19 18 18 17 17 19 19 19 19 18 18 17 16 19 19 19 19 18 18 17 16 19 19 19 19 18 18 17 16 19 19 19 19 18 18 17 16 19 19 19 19 18 18 17 16 15 14
ch149 19 19 19 19 18 18 17 17 19 19 19 19 18 18 17 16 19 19 19 19 18 18 17 16 19 19 19 19 18 18 17 16 19 19 19 19 18 18 17 16 19 19 19 19 18 18 17 16 15 14
ch151 19 19 19 19 18 18 17 17 19 19 19 19 18 18 17 16 19 19 19 19 18 18 17 16 19 19 19 19 18 18 17 16 19 19 19 19 18 18 17 16 19 19 19 19 18 18 17 16 15 14
ch153 19 19 19 19 18 18 17 17 19 19 19 19 18 18 17 16 19 19 19 19 18 18 17 16 19 19 19 19 18 18 17 16 19 19 19 19 18 18 17 16 19 19 19 19 18 18 17 16 15 14
ch155 19 19 19 19 18 18 17 17 19 19 19 19 18 18 17 16 19 19 19 19 18 18 17 16 19 19 19 19 18 18 17 16 19 19 19 19 18 18 17 16 19 19 19 19 18 18 17 16 15 14
ch157 19 19 19 19 18 18 17 17 19 19 19 19 18 18 17 16 19 19 19 19 18 18 17 16 19 19 19 19 18 18 17 16 19 19 19 19 18 18 17 16 19 19 19 19 18 18 17 16 15 14
ch159 19 19 19 19 18 18 17 17 19 19 19 19 18 18 17 16 19 19 19 19 18 18 17 16 19 19 19 19 18 18 17 16 19 19 19 19 18 18 17 16 19 19 19 19 18 18 17 16 15 14
ch161 19 19 19 19 18 18 17 17 19 19 19 19 18 18 17 16 19 19 19 19 18 18 17 16 19 19 19 19 18 18 17 16 19 19 19 19 18 18 17 16 19 19 19 19 18 18 17 16 15 14
ch165 19 19 19 19 18 18 17 17 19 19 19 19 18 18 17 16 19 19 19 19 18 18 17 16 19 19 19 19 18 18 17 16 19 19 19 19 18 18 17 16 19 19 19 19 18 18 17 16 15 14
# End of Single SKU Table#
